1,1,114.23,328.5,147.69,68.39999999999998,1,1,1.0
1,2,208.08,246.08,96.15,49.309999999999974,1,1,1.0
1,3,731.24,265.05,77.67999999999995,41.75999999999999,1,1,1.0
2,1,98.78,335.5,138.42,64.49000000000001,1,1,1.0
2,2,208.08,246.56,96.15,48.19999999999999,1,1,1.0
2,3,718.49,265.82,77.67999999999995,41.75999999999999,1,1,1.0
3,1,71.15,339.05,141.75,64.49000000000001,1,1,1.0
3,2,208.08,247.04,96.15,47.099999999999994,1,1,1.0
3,3,705.69,269.88,77.67999999999995,41.75999999999999,1,1,1.0
4,1,46.35,342.5,146.45000000000002,66.17000000000002,1,1,1.0
4,2,208.08,247.52,96.15,45.99999999999997,1,1,1.0
4,3,692.07,270.09,77.68999999999994,41.76000000000005,1,1,1.0
5,1,20.89,345.6,148.81,67.13999999999999,1,1,1.0
5,2,208.08,248.0,96.16,44.89999999999998,1,1,1.0
5,3,678.6,273.16,76.32999999999993,41.75999999999999,1,1,1.0
6,1,0.0,347.5,152.32,71.0,1,1,1.0
6,2,208.08,248.8,96.16,44.110000000000014,1,1,1.0
6,3,663.77,274.56,80.52999999999997,42.54000000000002,1,1,1.0
7,1,0.0,352.33,125.76,71.0,1,1,1.0
7,2,208.08,249.6,96.16,43.33000000000001,1,1,1.0
7,3,648.2,276.0,85.2299999999999,44.0,1,1,1.0
8,1,0.0,355.95,103.3,72.85000000000002,1,1,1.0
8,2,208.08,250.4,96.16,42.53999999999999,1,1,1.0
8,3,632.26,278.2,85.24000000000001,44.69999999999999,1,1,1.0
9,1,0.0,359.9,76.37,65.41000000000003,1,1,1.0
9,2,208.08,250.49,96.16,42.46999999999997,1,1,1.0
9,3,619.79,280.19,85.24000000000001,44.69999999999999,1,1,1.0
10,1,0.0,365.4,53.93,59.910000000000025,1,1,1.0
10,2,208.08,250.58,96.16,42.390000000000015,1,1,1.0
10,3,603.33,281.2,85.26999999999998,45.69,1,1,1.0
11,1,0.0,372.6,30.08,56.299999999999955,1,1,1.0
11,2,208.08,250.67,96.16,42.31000000000003,1,1,1.0
11,3,588.4,283.0,87.68000000000006,48.06,1,1,1.0
12,2,208.08,250.76,96.16,42.24000000000001,1,1,1.0
12,3,572.9,283.0,90.70000000000005,49.80000000000001,1,1,1.0
13,2,208.08,250.85,96.16,42.16,1,1,1.0
13,3,557.29,287.6,90.70000000000005,42.599999999999966,1,1,1.0
14,2,208.08,250.94,96.16,42.089999999999975,1,1,1.0
14,3,543.35,290.6,88.25,47.299999999999955,1,1,1.0
15,2,208.08,251.03,96.16,42.01000000000002,1,1,1.0
15,3,525.19,291.59,93.00999999999999,50.01000000000005,1,1,1.0
16,2,208.08,251.12,96.16999999999999,41.93000000000001,1,1,1.0
16,3,509.77,294.13,93.00999999999999,51.31999999999999,1,1,1.0
17,2,208.08,251.21,96.16999999999999,41.859999999999985,1,1,1.0
17,3,491.26,298.01,95.84000000000003,51.329999999999984,1,1,1.0
18,2,208.08,251.3,96.16999999999999,41.77999999999997,1,1,1.0
18,3,471.81,298.2,97.58999999999997,53.98000000000002,1,1,1.0
19,2,208.08,251.39,96.16999999999999,41.710000000000036,1,1,1.0
19,3,456.84,301.03,99.66000000000003,53.98000000000002,1,1,1.0
20,2,208.08,251.48,96.16999999999999,41.630000000000024,1,1,1.0
20,3,437.5,304.2,99.65999999999997,54.410000000000025,1,1,1.0
21,2,208.08,251.57,96.16999999999999,41.55000000000001,1,1,1.0
21,3,421.08,307.35,105.02000000000004,54.40999999999997,1,1,1.0
22,2,208.08,251.66,96.16999999999999,41.47999999999999,1,1,1.0
22,3,403.54,309.1,105.06,56.92999999999995,1,1,1.0
23,2,208.08,251.75,96.16999999999999,41.39999999999998,1,1,1.0
23,3,385.33,312.9,107.77000000000004,57.629999999999995,1,1,1.0
24,2,208.08,251.84,96.16999999999999,41.33000000000001,1,1,1.0
24,3,366.89,316.9,108.91000000000003,57.23000000000002,1,1,1.0
25,2,208.08,251.93,96.16999999999999,41.25,1,1,1.0
25,3,347.55,320.0,110.05000000000001,58.170000000000016,1,1,1.0
26,2,208.08,252.02,96.17999999999998,41.16999999999999,1,1,1.0
26,3,326.87,321.8,114.73000000000002,61.30000000000001,1,1,1.0
27,2,208.08,252.11,96.17999999999998,41.099999999999966,1,1,1.0
27,3,307.08,326.1,116.32,61.5,1,1,1.0
28,2,208.08,252.2,96.17999999999998,41.02000000000004,1,1,1.0
28,3,286.61,328.4,116.78999999999996,62.5,1,1,1.0
29,2,208.08,252.26,96.17999999999998,41.04000000000002,1,1,1.0
29,3,267.72,333.71,116.78999999999996,62.5,1,1,1.0
30,2,208.08,252.33,96.17999999999998,41.04999999999998,1,1,1.0
30,3,243.83,337.8,121.47,62.46999999999997,1,1,1.0
31,2,208.08,252.39,96.17999999999998,41.06,1,1,1.0
31,3,221.34,340.0,127.35999999999999,65.26999999999998,1,1,1.0
32,2,208.08,252.46,96.17999999999998,41.069999999999965,1,1,1.0
32,3,198.7,344.53,131.10000000000002,65.27000000000004,1,1,1.0
33,2,208.08,252.52,96.17999999999998,41.09,1,1,1.0
33,3,173.56,349.1,134.74,66.15999999999997,1,1,1.0
34,2,208.08,252.58,96.17999999999998,41.099999999999994,1,1,1.0
34,3,147.64,351.4,141.26,68.86000000000001,1,1,1.0
35,2,208.08,252.65,96.17999999999998,41.109999999999985,1,1,1.0
35,3,124.37,354.4,141.26,72.70000000000005,1,1,1.0
36,2,208.08,252.71,96.17999999999998,41.12999999999997,1,1,1.0
36,3,97.36,359.08,144.74,72.69999999999999,1,1,1.0
37,2,208.08,252.78,96.18999999999997,41.140000000000015,1,1,1.0
37,3,74.4,363.61,151.6,72.69999999999999,1,1,1.0
38,2,208.08,252.84,96.18999999999997,41.150000000000006,1,1,1.0
38,3,45.82,369.39,152.98000000000002,72.69999999999999,1,1,1.0
39,2,208.08,252.9,96.18999999999997,41.16999999999999,1,1,1.0
39,3,16.09,371.4,161.21,78.95000000000005,1,1,1.0
40,2,208.08,252.97,96.18999999999997,41.17999999999998,1,1,1.0
40,3,0.0,376.69,153.84,78.94999999999999,1,1,1.0
41,2,208.08,253.03,96.18999999999997,41.190000000000026,1,1,1.0
41,3,0.0,381.31,129.06,80.58999999999997,1,1,1.0
42,2,208.08,253.09,96.18999999999997,41.21000000000001,1,1,1.0
42,3,0.0,383.63,102.62,84.57,1,1,1.0
43,2,208.08,253.16,96.18999999999997,41.22,1,1,1.0
43,3,0.0,392.9,73.22,64.40000000000003,1,1,1.0
44,2,208.08,253.22,96.18999999999997,41.23999999999998,1,1,1.0
44,3,0.0,403.9,50.75,58.700000000000045,1,1,1.0
45,2,208.08,253.29,96.18999999999997,41.23999999999998,1,1,1.0
45,3,0.0,413.81,23.65,42.49000000000001,1,1,1.0
46,2,208.08,253.35,96.18999999999997,41.26000000000002,1,1,1.0
47,2,208.08,253.41,96.18999999999997,41.28,1,1,1.0
48,2,208.08,253.48,96.19999999999996,41.28999999999999,1,1,1.0
49,2,208.08,253.54,96.19999999999996,41.29999999999998,1,1,1.0
50,2,208.08,253.61,96.19999999999996,41.31,1,1,1.0
51,2,208.08,253.67,96.19999999999996,41.33000000000001,1,1,1.0
51,4,952.25,225.54,7.75,58.75000000000003,1,1,1.0
52,2,208.08,253.73,96.19999999999996,41.34,1,1,1.0
52,4,951.3,225.54,8.700000000000045,58.75000000000003,1,1,1.0
53,2,208.08,253.8,96.19999999999996,41.349999999999966,1,1,1.0
53,4,946.5,225.54,13.5,58.75000000000003,1,1,1.0
54,2,208.08,253.86,96.19999999999996,41.370000000000005,1,1,1.0
54,4,942.4,225.54,17.600000000000023,58.75000000000003,1,1,1.0
55,2,208.08,253.93,96.19999999999996,41.379999999999995,1,1,1.0
55,4,937.6,225.54,22.399999999999977,63.06000000000003,1,1,1.0
56,2,208.08,253.99,96.19999999999996,41.389999999999986,1,1,1.0
56,4,934.5,225.54,25.5,63.06000000000003,1,1,1.0
57,2,208.08,254.05,96.19999999999996,41.40999999999997,1,1,1.0
57,4,930.4,225.54,29.600000000000023,64.26000000000002,1,1,1.0
58,2,208.08,254.12,96.19999999999996,41.420000000000016,1,1,1.0
58,4,926.3,225.54,33.700000000000045,66.16,1,1,1.0
59,2,208.08,254.18,96.21000000000001,41.43000000000001,1,1,1.0
59,4,919.1,225.1,40.89999999999998,69.20000000000002,1,1,1.0
60,2,208.08,254.24,96.21000000000001,41.44999999999999,1,1,1.0
60,4,914.6,225.1,45.39999999999998,69.20000000000002,1,1,1.0
61,2,208.08,254.31,96.21000000000001,41.45999999999998,1,1,1.0
61,4,909.7,225.1,50.299999999999955,69.20000000000002,1,1,1.0
62,2,208.08,254.37,96.21000000000001,41.48000000000002,1,1,1.0
62,4,904.4,225.1,55.60000000000002,71.79999999999998,1,1,1.0
63,2,208.08,254.44,96.21000000000001,41.48000000000002,1,1,1.0
63,4,900.4,225.1,59.60000000000002,74.4,1,1,1.0
64,2,208.08,254.5,96.21000000000001,41.5,1,1,1.0
64,4,893.2,225.1,66.79999999999995,74.9,1,1,1.0
65,2,208.08,254.63,96.21000000000001,41.360000000000014,1,1,1.0
65,4,887.5,225.1,72.5,77.50000000000003,1,1,1.0
66,2,208.08,254.77,96.21000000000001,41.22,1,1,1.0
66,4,881.7,225.1,78.29999999999995,78.20000000000002,1,1,1.0
66,5,876.2,250.97,7.6299999999999955,21.97999999999999,1,1,1.0
67,2,208.08,254.9,96.21000000000001,41.08000000000001,1,1,1.0
67,4,874.5,225.1,85.5,81.29999999999998,1,1,1.0
67,5,867.1,250.7,12.42999999999995,24.160000000000025,1,1,1.0
68,2,208.08,255.03,96.21000000000001,40.95000000000002,1,1,1.0
68,4,868.6,225.1,91.39999999999998,83.00000000000003,1,1,1.0
68,5,862.8,251.18,7.400000000000091,26.120000000000005,1,1,1.0
69,2,208.08,255.17,96.21000000000001,40.80000000000004,1,1,1.0
69,4,863.0,225.1,97.0,83.70000000000002,1,1,1.0
69,5,856.59,250.94,7.399999999999977,26.120000000000005,1,1,1.0
70,2,208.08,255.3,96.22,40.670000000000016,1,1,1.0
70,4,856.3,225.1,103.70000000000005,83.70000000000002,1,1,1.0
70,5,847.3,252.37,10.700000000000045,26.129999999999995,1,1,1.0
71,2,208.08,255.22,96.22,41.26000000000002,1,1,1.0
71,4,848.7,226.5,111.29999999999995,85.19999999999999,1,1,1.0
71,5,841.57,253.81,10.42999999999995,26.120000000000005,1,1,1.0
72,2,208.08,255.14,96.22,41.85000000000002,1,1,1.0
72,4,841.1,228.2,118.89999999999998,86.30000000000001,1,1,1.0
72,5,834.4,252.6,10.430000000000064,27.81000000000003,1,1,1.0
73,2,208.08,255.06,96.22,42.44,1,1,1.0
73,4,834.9,228.0,125.10000000000002,88.19999999999999,1,1,1.0
73,5,825.55,252.84,12.350000000000023,27.809999999999974,1,1,1.0
74,2,208.08,255.01,96.22,42.47000000000003,1,1,1.0
74,4,827.7,229.9,132.29999999999995,86.99999999999997,1,1,1.0
74,5,817.19,253.79,12.349999999999909,29.210000000000008,1,1,1.0
75,2,208.08,254.97,96.22,42.48999999999998,1,1,1.0
75,4,819.8,230.4,140.20000000000005,88.9,1,1,1.0
75,5,808.3,254.27,15.0,29.210000000000008,1,1,1.0
76,2,208.08,254.93,96.22,42.50999999999999,1,1,1.0
76,4,810.7,231.3,149.29999999999995,91.09999999999997,1,1,1.0
76,5,798.26,254.99,17.639999999999986,30.909999999999968,1,1,1.0
77,2,208.08,254.88,96.22,42.54000000000002,1,1,1.0
77,4,804.7,231.3,155.29999999999995,92.30000000000001,1,1,1.0
77,5,789.42,254.75,17.639999999999986,30.910000000000025,1,1,1.0
78,2,208.08,254.84,96.22,42.559999999999974,1,1,1.0
78,4,794.9,233.0,165.10000000000002,91.80000000000001,1,1,1.0
78,5,778.91,256.66,19.790000000000077,30.909999999999968,1,1,1.0
79,2,208.08,254.8,96.22,42.579999999999984,1,1,1.0
79,4,786.1,233.0,166.0,93.19999999999999,1,1,1.0
79,5,769.83,256.42,22.370000000000005,30.909999999999968,1,1,1.0
79,6,950.95,233.29,8.870000000000005,36.78999999999999,1,1,1.0
80,2,208.08,254.76,96.22,42.610000000000014,1,1,1.0
80,4,777.0,234.4,172.20000000000005,92.99999999999997,1,1,1.0
80,5,759.31,257.14,25.690000000000055,30.910000000000025,1,1,1.0
80,6,948.56,233.52,8.870000000000005,36.79999999999998,1,1,1.0
81,2,208.08,254.71,96.22999999999999,42.640000000000015,1,1,1.0
81,4,769.1,234.4,173.39999999999998,96.6,1,1,1.0
81,5,750.71,257.86,25.889999999999986,32.339999999999975,1,1,1.0
81,6,942.83,234.24,10.569999999999936,36.80000000000001,1,1,1.0
82,2,208.08,254.67,96.22999999999999,42.66,1,1,1.0
82,4,760.7,234.4,174.39999999999998,97.49999999999997,1,1,1.0
82,5,739.96,258.33,26.639999999999986,32.35000000000002,1,1,1.0
82,6,935.18,236.15,11.020000000000095,36.79999999999998,1,1,1.0
83,2,208.08,254.63,96.22999999999999,42.68000000000001,1,1,1.0
83,4,753.69,238.2,176.39999999999998,97.5,1,1,1.0
83,5,729.38,259.51,26.91999999999996,32.34000000000003,1,1,1.0
83,6,928.72,237.03,11.019999999999982,36.79999999999998,1,1,1.0
84,2,208.08,254.58,96.22999999999999,42.71000000000001,1,1,1.0
84,4,743.1,239.1,180.19999999999993,98.4,1,1,1.0
84,5,718.81,259.51,28.090000000000032,32.34000000000003,1,1,1.0
84,6,923.14,238.8,11.259999999999991,35.90999999999997,1,1,1.0
85,2,208.08,254.54,96.22999999999999,42.72999999999999,1,1,1.0
85,4,734.9,239.1,184.60000000000002,101.00000000000003,1,1,1.0
85,5,709.41,260.68,28.790000000000077,32.349999999999966,1,1,1.0
85,6,917.55,239.98,11.270000000000095,35.91,1,1,1.0
86,2,208.08,254.5,96.22999999999999,42.75,1,1,1.0
86,4,724.62,240.57,188.08000000000004,101.0,1,1,1.0
86,5,696.18,260.68,31.920000000000073,32.349999999999966,1,1,1.0
86,6,911.38,239.68,12.720000000000027,35.920000000000016,1,1,1.0
87,2,208.08,254.46,96.22999999999999,42.77000000000001,1,1,1.0
87,4,714.9,240.57,191.0,104.53000000000003,1,1,1.0
87,5,687.96,263.33,30.74000000000001,32.34000000000003,1,1,1.0
87,6,905.21,240.27,12.719999999999914,35.91,1,1,1.0
88,2,208.08,254.41,96.22999999999999,42.79999999999998,1,1,1.0
88,4,703.7,242.3,194.89999999999998,103.69999999999999,1,1,1.0
88,5,674.15,263.3,33.64999999999998,33.55000000000001,1,1,1.0
88,6,898.16,240.56,12.720000000000027,35.920000000000016,1,1,1.0
89,2,208.08,254.37,96.22999999999999,42.81999999999999,1,1,1.0
89,4,693.1,242.3,202.0,106.30000000000001,1,1,1.0
89,5,662.98,263.59,32.819999999999936,33.55000000000001,1,1,1.0
89,6,892.9,240.27,11.81000000000006,35.91,1,1,1.0
90,2,208.08,254.33,96.22999999999999,42.84,1,1,1.0
90,4,685.17,244.7,201.43000000000006,108.60000000000002,1,1,1.0
90,5,651.82,263.3,36.879999999999995,34.71999999999997,1,1,1.0
90,6,884.35,242.62,12.720000000000027,35.90999999999997,1,1,1.0
91,2,208.08,254.28,96.23999999999998,42.869999999999976,1,1,1.0
91,4,674.3,245.9,207.30000000000007,110.04999999999998,1,1,1.0
91,5,640.36,264.18,41.01999999999998,34.71999999999997,1,1,1.0
91,6,879.36,244.4,12.720000000000027,35.599999999999994,1,1,1.0
92,2,208.08,254.24,96.23999999999998,42.889999999999986,1,1,1.0
92,4,664.6,247.08,207.29999999999995,110.03999999999999,1,1,1.0
92,5,626.26,264.77,41.039999999999964,34.72000000000003,1,1,1.0
92,6,868.49,244.38,12.710000000000036,35.920000000000016,1,1,1.0
93,2,208.08,254.2,96.23999999999998,42.920000000000016,1,1,1.0
93,4,653.14,248.0,209.65999999999997,111.47000000000003,1,1,1.0
93,5,613.92,265.36,43.98000000000002,34.71999999999997,1,1,1.0
93,6,862.32,244.97,13.879999999999995,35.91,1,1,1.0
94,2,208.08,254.16,96.23999999999998,42.940000000000026,1,1,1.0
94,4,641.39,248.9,214.31000000000006,111.49999999999997,1,1,1.0
94,5,602.75,265.36,47.48000000000002,34.71999999999997,1,1,1.0
94,6,855.27,246.7,10.330000000000041,33.60000000000002,1,1,1.0
95,2,208.08,254.11,96.23999999999998,42.96999999999997,1,1,1.0
95,4,631.11,250.7,218.39,114.65000000000003,1,1,1.0
95,5,590.42,267.4,44.48000000000002,34.10000000000002,1,1,1.0
95,6,847.04,246.99,15.360000000000014,33.610000000000014,1,1,1.0
96,2,208.08,254.07,96.23999999999998,42.99000000000001,1,1,1.0
96,4,619.36,251.0,223.03999999999996,117.27999999999997,1,1,1.0
96,5,576.02,267.99,46.58000000000004,34.099999999999966,1,1,1.0
96,6,839.99,248.76,15.360000000000014,30.650000000000034,1,1,1.0
97,2,208.08,254.03,96.23999999999998,43.01000000000002,1,1,1.0
97,4,607.9,251.3,226.60000000000002,119.92000000000002,1,1,1.0
97,5,564.27,268.57,48.930000000000064,34.10000000000002,1,1,1.0
97,6,833.3,248.17,14.700000000000045,30.659999999999997,1,1,1.0
98,2,208.08,253.99,96.23999999999998,43.02999999999997,1,1,1.0
98,4,595.56,253.7,232.1400000000001,120.19999999999999,1,1,1.0
98,5,550.16,266.81,53.04000000000008,34.99000000000001,1,1,1.0
98,6,826.54,250.8,5.060000000000059,27.72999999999996,1,1,1.0
99,2,208.08,253.94,96.23999999999998,43.06,1,1,1.0
99,4,582.92,254.2,232.1500000000001,122.30000000000001,1,1,1.0
99,5,539.29,267.99,53.04000000000008,36.40999999999997,1,1,1.0
99,6,813.03,251.39,12.370000000000005,27.730000000000018,1,1,1.0
100,2,208.08,253.9,96.23999999999998,43.08000000000001,1,1,1.0
100,4,571.51,255.1,237.69000000000005,124.34,1,1,1.0
100,5,526.37,269.16,53.02999999999997,36.41999999999996,1,1,1.0
100,6,808.9,250.8,9.740000000000009,27.72999999999996,1,1,1.0
101,2,208.08,253.86,96.23999999999998,43.099999999999966,1,1,1.0
101,4,557.03,258.2,243.36,125.21000000000004,1,1,1.0
101,5,512.09,269.7,45.809999999999945,36.75,1,1,1.0
101,6,770.6,251.23,37.52999999999997,10.070000000000022,1,1,1.0
102,2,208.08,253.81,96.24999999999997,43.129999999999995,1,1,1.0
102,4,542.54,259.89,249.04000000000008,127.49000000000001,1,1,1.0
102,5,497.81,270.23,38.589999999999975,37.089999999999975,1,1,1.0
102,6,734.7,251.66,62.91999999999996,11.539999999999992,1,1,1.0
103,2,208.08,253.77,96.24999999999997,43.150000000000006,1,1,1.0
103,4,528.06,261.58,254.71000000000004,129.76,1,1,1.0
103,5,483.53,270.76,51.370000000000005,37.43000000000001,1,1,1.0
103,6,720.0,252.09,67.10000000000002,12.309999999999974,1,1,1.0
103,7,956.02,222.72,3.980000000000018,43.73999999999998,1,1,1.0
104,2,208.08,253.73,96.24999999999997,43.16999999999999,1,1,1.0
104,4,513.58,263.27,260.38,132.04000000000002,1,1,1.0
104,5,469.25,271.3,66.95000000000005,37.76999999999998,1,1,1.0
104,6,707.4,252.52,69.19000000000005,12.580000000000013,1,1,1.0
104,7,951.74,221.8,8.259999999999991,45.22999999999996,1,1,1.0
105,2,208.08,253.69,96.24999999999997,43.19,1,1,1.0
105,4,499.1,264.96,266.04999999999995,134.32,1,1,1.0
105,5,454.97,271.83,74.57999999999993,38.110000000000014,1,1,1.0
105,6,694.8,252.95,71.2700000000001,13.980000000000018,1,1,1.0
105,7,947.47,220.88,12.529999999999973,46.70999999999998,1,1,1.0
106,2,208.08,253.64,96.24999999999997,43.23000000000002,1,1,1.0
106,4,484.61,266.64,271.73,136.61,1,1,1.0
106,5,440.7,272.36,82.19999999999999,38.44999999999999,1,1,1.0
106,6,682.21,253.38,73.34999999999991,15.370000000000005,1,1,1.0
106,7,943.2,219.96,16.799999999999955,48.18999999999997,1,1,1.0
107,2,208.08,253.6,96.24999999999997,43.25000000000003,1,1,1.0
107,4,470.13,268.33,277.4,138.89000000000004,1,1,1.0
107,5,426.42,272.9,89.82999999999998,38.78000000000003,1,1,1.0
107,6,669.61,253.81,75.42999999999995,16.769999999999982,1,1,1.0
107,7,938.93,219.03,21.07000000000005,49.690000000000026,1,1,1.0
108,2,208.08,253.56,96.24999999999997,43.26999999999998,1,1,1.0
108,4,455.65,270.02,283.07000000000005,141.17000000000002,1,1,1.0
108,5,412.14,273.43,97.46000000000004,39.129999999999995,1,1,1.0
108,6,657.02,254.24,77.50999999999999,18.159999999999968,1,1,1.0
108,7,934.66,218.11,25.340000000000032,51.16999999999996,1,1,1.0
109,2,208.08,253.51,96.24999999999997,43.30000000000001,1,1,1.0
109,4,441.17,271.71,288.73999999999995,143.45000000000005,1,1,1.0
109,5,397.86,273.97,105.08999999999997,39.45999999999998,1,1,1.0
109,6,644.42,254.67,79.59000000000003,19.56000000000003,1,1,1.0
109,7,930.39,217.19,29.610000000000014,52.660000000000025,1,1,1.0
110,2,208.08,253.47,96.24999999999997,43.32000000000002,1,1,1.0
110,4,426.69,273.4,294.41,145.73000000000002,1,1,1.0
110,5,383.58,274.5,112.72000000000003,39.80000000000001,1,1,1.0
110,6,631.83,255.1,81.66999999999996,20.950000000000017,1,1,1.0
110,7,926.11,216.27,33.889999999999986,54.140000000000015,1,1,1.0
111,2,208.08,253.43,96.24999999999997,43.339999999999975,1,1,1.0
111,4,407.66,275.11,302.7,149.03999999999996,1,1,1.0
111,5,368.79,275.59,113.07,39.80000000000001,1,1,1.0
111,6,615.57,255.96,85.31999999999994,21.53,1,1,1.0
111,7,921.84,215.34,38.15999999999997,55.630000000000024,1,1,1.0
112,2,208.08,253.39,96.24999999999997,43.360000000000014,1,1,1.0
112,4,388.63,276.82,310.99,152.34000000000003,1,1,1.0
112,5,354.0,276.69,113.42000000000002,39.80000000000001,1,1,1.0
112,6,599.31,256.82,88.97000000000003,22.110000000000014,1,1,1.0
112,7,917.57,214.42,42.42999999999995,57.12000000000003,1,1,1.0
113,2,208.08,253.34,96.25999999999996,43.390000000000015,1,1,1.0
113,4,369.61,278.53,319.27,155.65000000000003,1,1,1.0
113,5,339.21,277.78,113.77000000000004,39.80000000000001,1,1,1.0
113,6,583.06,257.68,92.61000000000001,22.689999999999998,1,1,1.0
113,7,913.3,213.5,46.700000000000045,58.60000000000002,1,1,1.0
114,2,208.08,253.3,96.25999999999996,43.40999999999997,1,1,1.0
114,4,350.58,280.24,327.56,158.95999999999998,1,1,1.0
114,5,324.42,278.87,114.12,39.80000000000001,1,1,1.0
114,6,566.8,258.54,96.25999999999999,23.269999999999982,1,1,1.0
114,7,908.7,213.5,51.299999999999955,58.60000000000002,1,1,1.0
115,2,208.08,253.2,96.25999999999996,42.920000000000016,1,1,1.0
115,4,331.55,281.95,335.84999999999997,162.26,1,1,1.0
115,5,309.63,279.97,114.47000000000003,39.799999999999955,1,1,1.0
115,6,558.75,259.4,91.70000000000005,23.850000000000023,1,1,1.0
115,7,902.94,214.01,57.059999999999945,58.75999999999999,1,1,1.0
116,2,208.08,253.09,96.25999999999996,42.43999999999997,1,1,1.0
116,4,312.53,283.66,344.13,165.57,1,1,1.0
116,5,294.84,281.06,114.82000000000005,39.80000000000001,1,1,1.0
116,6,550.7,260.26,87.13999999999999,24.420000000000016,1,1,1.0
116,7,897.17,214.52,62.83000000000004,58.91999999999999,1,1,1.0
117,2,208.08,252.99,96.25999999999996,41.94999999999999,1,1,1.0
117,4,293.5,285.37,352.41999999999996,168.88,1,1,1.0
117,5,280.05,282.15,115.17000000000002,39.80000000000001,1,1,1.0
117,6,550.8,261.12,74.43000000000006,25.0,1,1,1.0
117,7,891.41,215.03,68.59000000000003,59.08000000000001,1,1,1.0
118,2,208.08,252.88,96.25999999999996,41.48000000000002,1,1,1.0
118,4,274.47,287.08,360.7099999999999,172.19,1,1,1.0
118,5,265.26,283.25,115.51999999999998,39.80000000000001,1,1,1.0
118,6,510.5,261.98,102.12,25.579999999999984,1,1,1.0
118,7,885.65,215.54,74.35000000000002,59.23999999999998,1,1,1.0
119,2,208.08,252.78,96.25999999999996,40.98999999999998,1,1,1.0
119,4,255.45,288.79,368.99000000000007,175.48999999999995,1,1,1.0
119,5,250.47,284.34,115.86999999999998,39.80000000000001,1,1,1.0
119,6,497.01,262.84,103.0,26.160000000000025,1,1,1.0
119,7,879.88,216.05,80.12,59.389999999999986,1,1,1.0
120,2,208.08,252.67,96.25999999999996,40.51000000000002,1,1,1.0
120,4,236.42,290.5,377.2800000000001,178.8,1,1,1.0
120,5,235.68,285.43,116.21999999999997,39.80000000000001,1,1,1.0
120,6,482.03,263.7,105.37,34.53000000000003,1,1,1.0
120,7,874.12,216.56,81.13999999999999,59.55000000000001,1,1,1.0
121,2,208.08,252.57,96.25999999999996,40.01999999999998,1,1,1.0
121,4,210.15,293.0,389.72,183.37,1,1,1.0
121,5,217.77,286.36,118.12999999999997,40.93000000000001,1,1,1.0
121,6,466.8,264.21,106.81,35.77000000000004,1,1,1.0
121,7,868.35,217.07,82.16999999999996,59.70999999999998,1,1,1.0
122,2,208.08,252.46,96.25999999999996,39.53999999999999,1,1,1.0
122,4,183.88,295.5,402.15999999999997,187.94,1,1,1.0
122,5,199.87,287.29,120.02999999999997,42.06,1,1,1.0
122,6,451.56,264.72,108.26000000000005,37.00999999999999,1,1,1.0
122,7,862.59,217.58,83.18999999999994,59.869999999999976,1,1,1.0
123,2,208.08,252.36,96.25999999999996,40.50999999999999,1,1,1.0
123,4,157.61,298.0,414.6,192.51,1,1,1.0
123,5,181.96,288.21,121.93999999999997,43.200000000000045,1,1,1.0
123,6,436.33,265.23,109.69999999999999,38.25,1,1,1.0
123,7,856.83,218.09,84.20999999999992,60.03,1,1,1.0
124,2,208.08,252.25,96.27000000000001,41.48000000000002,1,1,1.0
124,4,131.34,300.5,427.03999999999996,197.07999999999998,1,1,1.0
124,5,164.05,289.14,123.84999999999997,44.33000000000004,1,1,1.0
124,6,421.1,265.74,111.13999999999999,39.49000000000001,1,1,1.0
124,7,851.06,218.6,85.24000000000001,60.190000000000026,1,1,1.0
125,2,208.08,252.15,96.27000000000001,42.45000000000002,1,1,1.0
125,4,105.08,303.0,439.46999999999997,201.64999999999998,1,1,1.0
125,5,146.14,290.07,125.75999999999999,45.44999999999999,1,1,1.0
125,6,405.87,266.25,112.58000000000004,40.73000000000002,1,1,1.0
125,7,845.2,218.81,85.89999999999998,61.06,1,1,1.0
126,2,209.36,252.37,95.02999999999997,41.18000000000001,1,1,1.0
126,4,78.81,305.5,451.91,206.22000000000003,1,1,1.0
126,5,128.23,290.99,127.67000000000002,46.589999999999975,1,1,1.0
126,6,390.64,266.76,114.02000000000004,41.97000000000003,1,1,1.0
126,7,839.33,219.02,86.56999999999994,61.92999999999998,1,1,1.0
127,2,210.64,252.59,93.79000000000002,39.91999999999999,1,1,1.0
127,4,52.54,308.0,464.34999999999997,210.78999999999996,1,1,1.0
127,5,110.33,291.92,129.57,47.71999999999997,1,1,1.0
127,6,375.4,267.27,115.47000000000003,43.210000000000036,1,1,1.0
127,7,833.47,219.23,87.23000000000002,62.79999999999998,1,1,1.0
128,2,211.91,252.81,92.56000000000003,38.64999999999998,1,1,1.0
128,4,26.27,310.5,476.79,215.36,1,1,1.0
128,5,92.42,292.85,131.48000000000002,48.849999999999966,1,1,1.0
128,6,360.17,267.78,116.90999999999997,44.450000000000045,1,1,1.0
128,7,827.6,219.44,87.89999999999998,63.670000000000016,1,1,1.0
129,2,213.19,253.03,91.32,37.390000000000015,1,1,1.0
129,4,0.0,313.0,489.23,219.92999999999995,1,1,1.0
129,5,74.51,293.77,133.39,49.99000000000001,1,1,1.0
129,6,344.94,268.29,118.35000000000002,45.69,1,1,1.0
129,7,821.73,219.65,88.56999999999994,64.53999999999999,1,1,1.0
130,2,214.47,253.25,90.08000000000001,36.120000000000005,1,1,1.0
130,4,0.0,315.5,475.4,224.5,1,1,1.0
130,5,56.6,294.7,135.3,51.120000000000005,1,1,1.0
130,6,329.71,268.8,119.79000000000002,46.920000000000016,1,1,1.0
130,7,815.87,219.86,89.23000000000002,65.40999999999997,1,1,1.0
131,2,215.75,253.47,88.85000000000002,34.849999999999994,1,1,1.0
131,4,0.0,318.2,458.16,221.8,1,1,1.0
131,5,38.14,296.63,135.75,51.120000000000005,1,1,1.0
131,6,314.01,270.08,120.82,47.69999999999999,1,1,1.0
131,7,810.0,220.07,89.89999999999998,66.28000000000003,1,1,1.0
132,2,217.03,253.68,87.60999999999999,33.599999999999966,1,1,1.0
132,4,0.0,320.9,440.92,219.10000000000002,1,1,1.0
132,5,19.67,298.56,136.20999999999998,51.120000000000005,1,1,1.0
132,6,298.32,271.35,121.82999999999998,48.48999999999995,1,1,1.0
132,7,804.13,220.28,90.57000000000005,67.15,1,1,1.0
133,2,218.31,253.9,86.37,32.33000000000001,1,1,1.0
133,4,0.0,323.6,423.68,216.39999999999998,1,1,1.0
133,5,1.2,300.49,136.67000000000002,51.110000000000014,1,1,1.0
133,6,282.62,272.63,122.86000000000001,49.26999999999998,1,1,1.0
133,7,798.27,220.49,91.23000000000002,68.01999999999998,1,1,1.0
133,8,677.03,536.09,96.30000000000007,3.909999999999968,1,1,1.0
134,2,219.59,254.12,85.13000000000002,31.060000000000002,1,1,1.0
134,4,0.0,326.31,406.44,213.69,1,1,1.0
134,5,0.0,302.42,119.86,51.10999999999996,1,1,1.0
134,6,266.93,273.9,123.87,50.06,1,1,1.0
134,7,792.4,220.7,91.89999999999998,68.88999999999999,1,1,1.0
134,8,677.03,528.7,96.30000000000007,11.299999999999955,1,1,1.0
135,2,220.86,254.34,83.89999999999998,29.799999999999983,1,1,1.0
135,4,0.0,328.77,387.3,211.23000000000002,1,1,1.0
135,5,0.0,302.42,101.5,51.10999999999996,1,1,1.0
135,6,250.99,274.79,124.64999999999998,50.81999999999999,1,1,1.0
135,7,784.99,220.7,93.59000000000003,68.88999999999999,1,1,1.0
135,8,682.39,523.1,112.71000000000004,16.899999999999977,1,1,1.0
136,2,222.14,254.56,82.66000000000003,28.529999999999973,1,1,1.0
136,4,0.0,331.24,368.16,208.76,1,1,1.0
136,5,0.0,302.42,83.14,51.10999999999996,1,1,1.0
136,6,235.05,275.68,125.43,51.589999999999975,1,1,1.0
136,7,777.58,220.7,95.28999999999996,68.88999999999999,1,1,1.0
136,8,691.47,517.6,119.82999999999993,22.399999999999977,1,1,1.0
137,2,223.42,254.78,81.43000000000004,27.27000000000001,1,1,1.0
137,4,0.0,333.7,349.02,206.3,1,1,1.0
137,5,0.0,302.42,64.78,51.10999999999996,1,1,1.0
137,6,219.11,276.57,126.20999999999998,52.35000000000002,1,1,1.0
137,7,770.18,220.7,96.97000000000003,68.88999999999999,1,1,1.0
137,8,700.76,510.45,127.44000000000005,29.55000000000001,1,1,1.0
138,2,224.7,255.0,80.19,26.0,1,1,1.0
138,4,0.0,336.17,329.88,203.82999999999998,1,1,1.0
138,5,0.0,302.42,46.42,51.10999999999996,1,1,1.0
138,6,203.17,277.46,126.99000000000004,53.110000000000014,1,1,1.0
138,7,762.77,220.7,98.65999999999997,68.88999999999999,1,1,1.0
138,8,710.06,503.3,135.04000000000008,36.69999999999999,1,1,1.0
139,2,222.6,254.8,82.28,28.71999999999997,1,1,1.0
139,4,0.0,338.63,310.74,201.37,1,1,1.0
139,5,0.0,302.42,28.06,51.10999999999996,1,1,1.0
139,6,187.36,278.48,127.76999999999998,53.879999999999995,1,1,1.0
139,7,755.36,220.7,100.36000000000001,68.88999999999999,1,1,1.0
139,8,719.35,498.32,134.69999999999993,41.68000000000001,1,1,1.0
140,2,220.5,254.6,84.37,31.42999999999998,1,1,1.0
140,4,0.0,341.1,291.6,198.89999999999998,1,1,1.0
140,5,0.0,302.42,9.7,51.10999999999996,1,1,1.0
140,6,171.55,279.5,128.55,54.64999999999998,1,1,1.0
140,7,747.95,220.7,102.04999999999995,68.88999999999999,1,1,1.0
140,8,728.64,493.34,134.36,46.660000000000025,1,1,1.0
141,2,218.4,254.41,86.45000000000002,34.140000000000015,1,1,1.0
141,4,0.0,350.82,273.56,189.18,1,1,1.0
141,6,152.12,280.89,135.07999999999998,54.639999999999986,1,1,1.0
141,7,739.75,222.88,102.04999999999995,68.89999999999998,1,1,1.0
141,8,737.93,485.9,132.97000000000003,54.10000000000002,1,1,1.0
142,2,216.3,254.21,88.53999999999996,36.859999999999985,1,1,1.0
142,4,0.0,354.5,250.19,185.5,1,1,1.0
142,6,134.09,281.65,136.85,55.660000000000025,1,1,1.0
142,7,731.96,222.76,103.34999999999991,69.66000000000003,1,1,1.0
142,8,746.06,480.44,132.97000000000003,59.05000000000001,1,1,1.0
143,2,214.2,254.01,90.63,39.56999999999999,1,1,1.0
143,4,0.0,358.18,226.83,181.82,1,1,1.0
143,6,116.06,282.41,138.63,56.67999999999995,1,1,1.0
143,7,724.17,222.63,104.66000000000008,70.42000000000002,1,1,1.0
143,8,754.19,474.99,132.95999999999992,63.99000000000001,1,1,1.0
144,2,212.1,253.81,92.72,42.29000000000002,1,1,1.0
144,4,0.0,361.86,203.46,178.14,1,1,1.0
144,6,98.03,283.16,140.4,57.70999999999998,1,1,1.0
144,7,716.38,222.51,105.96000000000004,71.18,1,1,1.0
144,8,762.31,469.53,132.97000000000003,68.95000000000005,1,1,1.0
145,2,211.33,253.61,93.47999999999999,42.46999999999997,1,1,1.0
145,4,0.0,365.55,180.1,174.45,1,1,1.0
145,6,80.0,283.92,142.17,58.71999999999997,1,1,1.0
145,7,708.58,222.38,107.27999999999997,71.94,1,1,1.0
145,8,770.44,464.07,132.9699999999999,73.90000000000003,1,1,1.0
146,2,210.55,253.41,94.25,42.650000000000006,1,1,1.0
146,4,0.0,369.23,156.74,170.76999999999998,1,1,1.0
146,6,61.97,284.68,143.94,59.74000000000001,1,1,1.0
146,7,700.79,222.25,108.58000000000004,72.70999999999998,1,1,1.0
146,8,778.57,458.61,132.95999999999992,78.85000000000002,1,1,1.0
147,2,209.78,253.22,95.01000000000002,42.83000000000001,1,1,1.0
147,4,0.0,372.91,133.37,167.08999999999997,1,1,1.0
147,6,43.93,285.44,145.73,60.75999999999999,1,1,1.0
147,7,693.0,222.13,109.88999999999999,73.45999999999998,1,1,1.0
147,8,786.69,453.16,132.9699999999999,83.79000000000002,1,1,1.0
148,2,209.0,253.02,95.77999999999997,43.00999999999996,1,1,1.0
148,4,0.0,376.59,110.01,163.41000000000003,1,1,1.0
148,6,25.9,286.2,147.5,61.78000000000003,1,1,1.0
148,7,687.31,222.0,109.09000000000003,74.22000000000003,1,1,1.0
148,8,794.82,447.7,132.9699999999999,88.74000000000007,1,1,1.0
149,2,208.97,253.56,95.79999999999998,42.44999999999999,1,1,1.0
149,4,0.0,386.67,78.9,153.32999999999998,1,1,1.0
149,6,7.5,287.38,147.83,62.97000000000003,1,1,1.0
149,7,671.6,222.89,115.89999999999998,74.22000000000003,1,1,1.0
149,8,803.12,443.26,132.96000000000004,88.74000000000001,1,1,1.0
150,2,208.95,254.11,95.81,41.879999999999995,1,1,1.0
150,4,0.0,396.74,47.79,143.26,1,1,1.0
150,6,3.75,288.57,133.5,64.16000000000003,1,1,1.0
150,7,665.23,223.78,113.37,74.22,1,1,1.0
150,8,811.41,438.81,132.97000000000003,88.74999999999994,1,1,1.0
151,2,208.92,254.65,95.83000000000001,41.32000000000002,1,1,1.0
151,4,0.0,406.82,16.68,133.18,1,1,1.0
151,6,0.0,289.75,119.18,65.35000000000002,1,1,1.0
151,7,658.87,224.67,110.83000000000004,74.22,1,1,1.0
151,8,819.71,434.37,132.9699999999999,88.74000000000001,1,1,1.0
152,2,208.89,255.2,95.84000000000003,40.75,1,1,1.0
152,6,0.0,289.75,105.8,68.05000000000001,1,1,1.0
152,7,649.1,224.67,112.60000000000002,74.22,1,1,1.0
152,8,832.2,434.37,120.4799999999999,88.74000000000001,1,1,1.0
153,2,208.87,255.9,95.85000000000002,41.08000000000001,1,1,1.0
153,6,0.0,289.75,87.48,68.05000000000001,1,1,1.0
153,7,638.79,225.02,114.91000000000008,74.22999999999999,1,1,1.0
153,8,840.02,428.14,116.32000000000005,88.75,1,1,1.0
154,2,208.84,256.6,95.86999999999998,41.39999999999998,1,1,1.0
154,6,0.0,289.75,69.16,68.05000000000001,1,1,1.0
154,7,628.48,225.38,117.22000000000003,74.22000000000003,1,1,1.0
154,8,847.84,421.92,112.15999999999997,88.75,1,1,1.0
155,2,208.82,256.7,95.88,41.210000000000036,1,1,1.0
155,6,0.0,289.75,50.84,68.05000000000001,1,1,1.0
155,7,618.17,225.73,119.53000000000009,74.22999999999999,1,1,1.0
155,8,855.67,415.7,104.33000000000004,88.75,1,1,1.0
156,2,208.79,256.8,95.9,41.01999999999998,1,1,1.0
156,6,0.0,289.75,32.52,68.05000000000001,1,1,1.0
156,7,607.86,226.09,121.84000000000003,74.22,1,1,1.0
156,8,863.49,409.48,96.50999999999999,88.74000000000001,1,1,1.0
157,2,208.76,256.9,95.92000000000002,40.83000000000004,1,1,1.0
157,6,0.0,289.75,14.2,68.05000000000001,1,1,1.0
157,7,597.55,226.44,124.15000000000009,74.23000000000002,1,1,1.0
157,8,871.31,403.26,88.69000000000005,88.74000000000001,1,1,1.0
158,2,208.74,257.0,95.93,40.639999999999986,1,1,1.0
158,7,590.43,227.33,124.16000000000008,74.22999999999999,1,1,1.0
158,8,878.42,401.48,81.58000000000004,88.74000000000001,1,1,1.0
159,2,208.71,257.1,95.95000000000002,40.44999999999999,1,1,1.0
159,7,579.41,228.04,125.05000000000007,74.48999999999998,1,1,1.0
159,8,884.46,399.7,75.53999999999996,85.90000000000003,1,1,1.0
160,2,208.68,257.35,95.96999999999997,40.10999999999996,1,1,1.0
160,7,568.39,228.76,125.94000000000005,74.75,1,1,1.0
160,8,890.51,397.92,69.49000000000001,83.06,1,1,1.0
161,2,208.66,257.6,95.97999999999999,39.76999999999998,1,1,1.0
161,7,557.37,229.47,126.83000000000004,75.01000000000002,1,1,1.0
161,8,896.55,396.14,63.450000000000045,80.22000000000003,1,1,1.0
162,2,208.63,257.97,96.0,39.309999999999945,1,1,1.0
162,7,546.35,230.18,127.72000000000003,75.26999999999998,1,1,1.0
162,8,902.6,394.37,57.39999999999998,77.36000000000001,1,1,1.0
163,2,208.6,258.33,96.02000000000001,38.860000000000014,1,1,1.0
163,7,535.33,230.89,128.61,75.54000000000002,1,1,1.0
163,8,908.64,392.59,51.360000000000014,74.52000000000004,1,1,1.0
164,2,208.58,258.7,96.02000000000001,38.400000000000034,1,1,1.0
164,7,524.3,231.6,129.5200000000001,75.79999999999998,1,1,1.0
164,8,914.68,390.81,45.32000000000005,71.68,1,1,1.0
165,2,208.55,258.65,96.03999999999996,38.360000000000014,1,1,1.0
165,7,513.28,232.31,130.41000000000008,76.07,1,1,1.0
165,8,920.73,389.03,39.26999999999998,68.84000000000003,1,1,1.0
166,2,208.53,258.6,96.04999999999998,38.31999999999999,1,1,1.0
166,7,502.26,233.02,131.29999999999995,76.33000000000001,1,1,1.0
166,8,926.77,387.26,33.23000000000002,65.99000000000001,1,1,1.0
167,2,208.5,258.55,96.07,38.27999999999997,1,1,1.0
167,7,491.24,233.73,132.18999999999994,76.6,1,1,1.0
167,8,932.82,385.48,27.17999999999995,63.14999999999998,1,1,1.0
168,2,208.47,258.5,96.09,38.24000000000001,1,1,1.0
168,7,480.22,234.44,133.07999999999993,76.86000000000001,1,1,1.0
168,8,938.86,383.7,21.139999999999986,60.30000000000001,1,1,1.0
169,2,208.45,258.2,96.10000000000002,38.44999999999999,1,1,1.0
169,7,468.7,234.44,136.59999999999997,76.86000000000001,1,1,1.0
169,8,946.86,386.37,13.139999999999986,60.30000000000001,1,1,1.0
170,2,208.42,257.9,96.12000000000003,38.660000000000025,1,1,1.0
170,7,459.08,236.19,136.59999999999997,76.86000000000001,1,1,1.0
170,8,950.56,390.13,9.440000000000055,49.80000000000001,1,1,1.0
171,2,208.39,257.6,96.13999999999999,38.870000000000005,1,1,1.0
171,7,447.71,237.07,136.59999999999997,76.85000000000002,1,1,1.0
171,8,954.27,393.9,5.730000000000018,39.30000000000001,1,1,1.0
172,2,208.37,257.3,96.14999999999998,39.079999999999984,1,1,1.0
172,7,437.33,236.59,136.59999999999997,84.41,1,1,1.0
173,2,208.34,257.35,96.16999999999999,38.94,1,1,1.0
173,7,425.34,236.97,137.64000000000004,84.41,1,1,1.0
174,2,208.31,257.4,96.19,38.80000000000001,1,1,1.0
174,7,413.35,237.35,138.66999999999996,84.41,1,1,1.0
175,2,208.29,257.45,96.20000000000002,38.660000000000025,1,1,1.0
175,7,401.36,237.73,139.71000000000004,84.4,1,1,1.0
176,2,208.26,257.5,96.21000000000004,38.51999999999998,1,1,1.0
176,7,389.37,238.1,140.75,84.41,1,1,1.0
177,2,208.24,257.4,96.21999999999997,38.53000000000003,1,1,1.0
177,7,377.39,238.48,141.76999999999998,84.41,1,1,1.0
178,2,208.21,257.3,96.23999999999998,38.539999999999964,1,1,1.0
178,7,365.4,238.86,142.81,84.40999999999997,1,1,1.0
179,2,208.18,257.2,96.25999999999999,38.55000000000001,1,1,1.0
179,7,353.41,239.24,143.84999999999997,84.39999999999998,1,1,1.0
180,2,208.16,257.15,96.27000000000001,38.51000000000005,1,1,1.0
180,7,341.42,239.61,144.89,84.40999999999997,1,1,1.0
181,2,208.13,257.1,96.29000000000002,38.46999999999997,1,1,1.0
181,7,329.43,239.99,145.92000000000002,84.40999999999997,1,1,1.0
182,2,208.1,255.5,96.31000000000003,39.98000000000002,1,1,1.0
182,7,317.45,240.37,146.95,84.40999999999997,1,1,1.0
183,2,208.08,255.2,96.31999999999996,40.19,1,1,1.0
183,7,306.35,240.96,147.2,84.41,1,1,1.0
184,2,208.08,256.1,91.41999999999999,39.289999999999964,1,1,1.0
184,7,295.26,241.55,147.44,84.40999999999997,1,1,1.0
185,2,208.08,256.5,80.91999999999999,38.889999999999986,1,1,1.0
185,7,284.17,242.14,147.68,84.41000000000003,1,1,1.0
186,2,208.08,257.0,68.41999999999999,38.389999999999986,1,1,1.0
186,7,273.08,242.73,147.92000000000002,84.41,1,1,1.0
187,2,208.08,255.8,57.819999999999965,39.589999999999975,1,1,1.0
187,7,261.99,243.32,148.15999999999997,84.41000000000003,1,1,1.0
188,2,208.08,256.7,46.72,38.69,1,1,1.0
188,7,250.9,243.91,148.4,84.41,1,1,1.0
189,2,208.08,259.3,33.81999999999999,36.089999999999975,1,1,1.0
189,7,239.81,244.5,148.64,84.41000000000003,1,1,1.0
190,2,208.08,268.6,22.819999999999993,26.789999999999964,1,1,1.0
190,7,228.71,245.09,148.89000000000001,84.41,1,1,1.0
